15,3 5
280,45 59
2,1 1
33,16 11
444,32 86
187,129 42
1,0 0
267,150 56
217,120 47
486,273 92
167,51 39
433,42 84
478,91 91
344,174 68
202,177 46
162,5 36
95,84 24
23,20 9
389,172 77
80,30 22
184,161 42
125,33 30
365,341 72
33,12 11
101,13 25
419,334 81
380,338 75
489,342 93
489,162 93
348,262 69
449,267 87
218,198 47
107,11 27
402,335 79
226,193 47
461,371 89
329,28 66
425,287 82
358,173 70
265,120 56
346,337 67
386,107 75
107,44 28
213,40 47
494,340 94
339,2 67
271,36 58
416,357 80
376,356 74
203,23 45
163,123 38
221,73 46
201,0 46
217,163 46
218,134 47
446,134 86
76,40 21
435,279 84
138,64 33
369,192 73
311,4 64
340,88 68
33,24 11
478,216 91
187,111 42
454,105 87
470,132 91
39,17 11
357,2 70
462,269 88
20,16 8
83,35 23
97,33 25
46,27 14
187,119 42
2,1 1
396,238 77
125,73 29
454,8 87
325,231 66
2,0 1
281,133 60
266,211 55
443,55 86
405,316 79
380,34 75
295,37 61
266,166 56
97,86 25
26,13 8
340,112 68
440,332 85
54,6 16
409,385 80
418,47 79
31,8 11
38,7 11
151,119 36
266,118 56
211,2 46
70,33 19
306,254 62
364,149 71
173,158 40
391,214 77
261,198 55
21,6 8
387,6 76
266,242 56
251,124 54
480,394 92
484,479 91
419,72 81
165,148 38
24,14 9
326,51 66
253,42 54
255,162 54
229,21 50
471,367 90
154,99 36
234,41 50
368,122 73
378,249 74
399,283 77
179,76 41
19,10 8
435,234 84
237,28 51
421,242 82
245,215 53
465,121 90
44,19 13
291,106 61
188,24 42
455,22 87
79,66 22
369,183 73
231,215 50
36,10 11
160,57 37
71,48 20
122,20 30
251,104 54
247,91 53
99,10 25
155,10 36
30,2 9
447,102 86
244,138 53
341,73 67
49,41 14
92,11 23
353,78 71
239,90 52
25,8 9
220,72 47
269,161 57
139,38 34
358,77 71
214,13 46
74,49 21
119,34 30
367,89 72
471,225 91
415,4 80
404,279 79
415,140 80
219,210 47
449,21 87
54,38 16
90,34 24
476,65 91
394,13 76
359,327 72
471,441 91
491,290 94
467,410 91
346,0 68
396,246 77
273,153 58
496,365 94
395,309 77
80,69 22
409,43 79
229,169 50
20,19 7
386,342 76
189,116 42
2,1 1
116,43 29
458,447 88
334,217 67
422,31 81
388,190 76
312,85 64
411,11 79
127,81 31
399,242 78
426,344 82
